

10101010101010101010101010101010101010101010101010101010101010
1010101010101010101010101010101010101010101010101010101010101010101010101010101010101010101010101010101010000000000111111111001010101010101010101010101010101010101010101010101010101010101010101010101010
1010101010101010101010101010101010101010101010101010101010101010101010101010101010101010101010101010101010101010101010101010101010101010101010101010101010101010101010101010
1010101010101010101010101010101010101010101010101010101010101010101010101010101010101010101010101010101010101010101010101010101010101010101010101010101010101010
0010101010101010101010101010101010101010101010101010101010101010101010101010101010101010101010101010101010101010101010101010101010101010101010101010101010101010vv10101010101010101010101010101010101010101010101010101010101010
1010101010101010101010101010101010101010101010101010101010101010101010101010101010101010101010101010101010101010101010101010101010101010101010101010101010101010
001010101010101010101010101010101010101010101010101010101010101010101010101010101010101010101010101010101010101010101010101010101010101010101010101010101010101010101010101010101010101010101010101010101010101010101010101010
1010101010101010101010101010101010101010101010101010101010101010101010101010101010101010101010101010101010101010101010101010101010101010101010101010101010101010
001010101010101010101010101010101010101010101010101010101010101010101010101010101010101010101010101010101010101010101010101010101010101010101010101010101010101010101010
1010101010101010101010101010101010101010101010101010101010101010101010101010101010101010101010101010101010101010101010101010101010101010101010101010101010101010
001010101010101010101010101010101010101010101010101010101010101010101010101010101010101010101010101010101010101010101010101010101010101010101010101010101010101010101010101010101010101010101010101010101010101010101010101010
1010101010101010101010101010101010101010101010101010101010101010101010101010101010101010101010101010101010101010101010101010101010101010101010101010101010101010
00101010101010101010101010101010101010101010101010101010101010101010101010101010101010101010101010101010101010101010101010101010101010101010101010101010101010101010101010101010101010101010101010101010101010101010100101010111111111111000000000000000111111111111110101010101010101010101010101010101010101010101010
0010101010101010101010101010101010101010101010101010101010101010101010101010101010101010101010101010101010101010101010101010101010101010101010101010101010101010010100101010101010101010101010101010101010101010101010101010
001010101010101010101010101010101010101010101010101010101010101010101010101010101010101010101010101010101010101010101010101010101010101010101010101010101010101010101010101010101010101010101010101010101010101010101010101010
1010101010101010101010101010101010101010101010101010101010101010101010101010101010101010101010101010101010101010101010101010101010101010101010101010101010101010
001010101010101010101010101010101010101010101010101010101010101010101010101010101010101010101010101010101010101010101010101010101010101010101010101010101010101010101010101010101010101010101010101010101010101010101010101010111111111111111111111100000000000000000000000000000000000111111111111111100000000000000000000000000011111111111111111111111111111110000000000000000000000000000000000000000000000011111111111111111111111010101010101010011010101
10101010101010101010101010101010101010101010101010101010101010101010101010101010101010101010101010101010101010000000000000000000000000000000000000010101010101010101010101010101010101010101010101010
001010101010101010101010101010101010101010101010101010101010101010101010101010101010101010101010101010101010101010101010101010101010101010101010101010101010101010101010101010101010101010101010101010101010101010101010101010
1010101010101010101010101010101010101010101010101010101010101010101010101010101010101010101010101010101010101010101010101010101010101010101010101010101010101010
001010101010000000000000000000001010101010101010101010101010111100010001011000101010110011010101010101010101010101010100101010101010101010101010101010101010101010101010101010101010101010101010101010101010101010101010101111111111111111010101010101010101010101010101010101010101010101010101010101010101010101010101010101010101010101010101010101010
10101010101010101010101010101010101010101010101010101010101010101010101010101010101010101010101010101010101010101111111111111111111111111111111110101010101010101010101010101010101010101010101010101010101010101010101010101010101010101010101010101010101010
1010101010101010101010101010101010101010101010101010101010101010101010101010101010101010101010101010101010101010101010101010101010101010101010101010101010101010
0010101010101010101010101010101010101010101010101010101010101010101010101010101010101010101010101010101010101010101010101010101010101010101010101010101010101010
0010101010101010101010101010101010101010101010101010101010101010101010101010101010101010101010101010101010101010101010000000000000000101010101010101010101010101010101010101010
001011010110110101001010101101001011001001101010010101001110101010010110101001001010110010101011001010000000000000101010010101010011010101010100101010100110101010100101010010101010101101010100101010101010101010101010101010101010
11010101010101010101010100100000000000000000000000101010101010010101010101010100101010101010010101010101010101010010101010101010101010101010101010101010101010101010101010101010
SC2{0101001101000011001100100111101100110001001101110101111100110101010111110011010001101100011101110011010001111001001101010101111100110000011011100011001100110101010111110011010001101110011001000101111100110001001100000011010100110000011100100011010101111101}
0101010010101010010101010101010010101010101010100101010101010010101010101010101010010101010101010101010101010101010101010101010101010101010101010101010101010
1010101010101010101010101010101010101010101010101010101010101010101010101010101010101010101010101010101010101010101010110101010101010101010101010101010101010101010101010101010101010
101010101010101010100000000000000000000010101010101010101010101010101010101010101010101010101010101010101010101010101010101010101010101010101010101010101010101010101010101010101010
0010101010101010101010101010101010101010101010101010110101010101010101010101010101010101010101010101010101010101010
101010101010101010101010101010101010101010101010101010101010101010101010101010101010101010101010101010101101010101010101010101010101010000000000000000010101010101010101010101010101010
101010101010101010101010101010101010101011111111111101010101010101010101010101010101010101010101010101010101010101010101010000000101010101010101010101010101010101010101010101010
00101010101010101010101010101010101010101010101010101010101010101010101010101010101010101010101010101010101010101010110101010101010101010101010101010101010101010101010101010101010
1010101010101010101010101010101010101010101010101010101010101010101010101010101010101010101010101010101010101010101010101010101010101010101010101010101010101010
0010101010101010101010101010101010101010101010101010101010101010101010101010101010101010101010101010101010101010101010101010101010101010101010101010101010101010vv01010101010101010101010101010101010101010100101010101010101010101010101010101010101010101010101010101010101010
1010101010101010101010101010101010101010101010101010101010101010101010101010101010101010101010101010101010101010101010101010101010101010101010101010101010101010
0010101010101010101010101010101010101010101010101010101010101010101010101010101010101010101010101010101010101010101010101010101010101010101010101010101010101010vvv10101010101010101010101010101010101010101010101010
00101010101010101010101010101010101010101010101010101010101010101010101010101010101010101010101010101010101010101010101010101010101010101010101010101010101010100101010101010101010101010101010101010101010101010101010101010101010101010101010101010101010101010101010101001010101010101010101010101010101010101010
0010101010101010101010101010101010101010101010101010101010101010101010101010101010101010101010101010101010101010101010101010101010101010101010101010101010101010
